2
1 1 15 15 1 17
16 1 3 6 31 9
******************
2
1 2 7 7 17 7
1 3 7 8 20 19
******************
11
1 1 7 2 1 18
9 1 2 15 17 2
3 7 4 15 3 4
1 3 2 7 19 23
2 4 16 15 20 31
15 2 16 16 15 16
8 8 14 14 8 30
11 13 5 5 29 21
15 16 13 2 28 5
7 15 11 3 9 10
4 6 11 10 14 12
******************
8
1 2 5 6 17 22
3 2 5 4 1 4
5 2 2 7 21 7
6 2 1 13 6 14
2 14 11 11 30 11
4 10 4 9 9 13
12 2 1 8 32 31
16 2 15 15 27 8
******************
4
1 16 3 16 1 3
2 2 5 5 10 9
4 5 7 8 18 21
8 8 11 13 25 27
******************
3
1 2 6 7 9 8
2 2 5 8 1 16
8 3 4 3 11 4
******************
2
1 1 7 8 1 16
5 5 6 6 5 14
******************
2
1 1 3 3 1 6
3 1 2 3 5 4
