$ 1 5.0E-6 10 50 5.0 50
s 30 130 130 130 0 1 0 false
s 30 30 30 130 0 1 0 false
s 30 30 130 130 0 1 0 false
w 30 30 170 30 0 0
w 130 130 130 270 0 0
s 170 130 270 130 0 0 1 false
s 170 30 170 130 0 1 0 false
s 170 30 270 130 0 1 0 false
w 170 30 310 30 0 0
w 270 130 270 270 0 0
s 310 130 410 130 0 1 0 false
s 310 30 310 130 0 1 0 false
s 310 30 410 130 0 1 0 false
w 310 30 450 30 0 0
w 410 130 410 270 0 0
s 450 130 550 130 0 1 0 false
s 450 30 450 130 0 1 0 false
s 450 30 550 130 0 0 1 false
w 450 30 590 30 0 0
w 550 130 550 270 0 0
s 590 130 690 130 0 1 0 false
s 590 30 590 130 0 1 0 false
s 590 30 690 130 0 1 0 false
w 590 30 730 30 0 0
w 690 130 690 270 0 0
s 730 130 830 130 0 1 0 false
s 730 30 730 130 0 1 0 false
s 730 30 830 130 0 1 0 false
w 730 30 870 30 0 0
w 830 130 830 270 0 0
s 870 130 970 130 0 1 0 false
s 870 30 870 130 0 1 0 false
s 870 30 970 130 0 1 0 false
w 870 30 1010 30 0 0
w 970 130 970 270 0 0
s 1010 130 1110 130 0 1 0 false
s 1010 30 1010 130 0 1 0 false
s 1010 30 1110 130 0 1 0 false
w 1010 30 1150 30 0 0
w 1110 130 1110 270 0 0
R 1150 30 1200 30  0 40.0 5.0 0.0
s 30 270 130 270 0 1 0 false
s 30 170 30 270 0 1 0 false
s 30 170 130 270 0 1 0 false
w 30 170 170 170 0 0
w 130 270 130 410 0 0
s 170 270 270 270 0 1 0 false
s 170 170 170 270 0 0 1 false
s 170 170 270 270 0 1 0 false
w 170 170 310 170 0 0
w 270 270 270 410 0 0
s 310 270 410 270 0 1 0 false
s 310 170 310 270 0 1 0 false
s 310 170 410 270 0 1 0 false
w 310 170 450 170 0 0
w 410 270 410 410 0 0
s 450 270 550 270 0 1 0 false
s 450 170 450 270 0 1 0 false
s 450 170 550 270 0 0 1 false
w 450 170 590 170 0 0
w 550 270 550 410 0 0
s 590 270 690 270 0 1 0 false
s 590 170 590 270 0 1 0 false
s 590 170 690 270 0 1 0 false
w 590 170 730 170 0 0
w 690 270 690 410 0 0
s 730 270 830 270 0 1 0 false
s 730 170 730 270 0 1 0 false
s 730 170 830 270 0 1 0 false
w 730 170 870 170 0 0
w 830 270 830 410 0 0
s 870 270 970 270 0 1 0 false
s 870 170 870 270 0 1 0 false
s 870 170 970 270 0 1 0 false
w 870 170 1010 170 0 0
w 970 270 970 410 0 0
s 1010 270 1110 270 0 1 0 false
s 1010 170 1010 270 0 1 0 false
s 1010 170 1110 270 0 1 0 false
w 1110 270 1110 410 0 0
s 30 410 130 410 0 1 0 false
s 30 310 30 410 0 1 0 false
s 30 310 130 410 0 1 0 false
w 30 310 170 310 0 0
w 130 410 130 550 0 0
s 170 410 270 410 0 1 0 false
s 170 310 170 410 0 1 0 false
s 170 310 270 410 0 1 0 false
w 170 310 310 310 0 0
w 270 410 270 550 0 0
s 310 410 410 410 0 1 0 false
s 310 310 310 410 0 1 0 false
s 310 310 410 410 0 1 0 false
w 310 310 450 310 0 0
w 410 410 410 550 0 0
s 450 410 550 410 0 1 0 false
s 450 310 450 410 0 1 0 false
s 450 310 550 410 0 1 0 false
w 450 310 590 310 0 0
w 550 410 550 550 0 0
s 590 410 690 410 0 1 0 false
s 590 310 590 410 0 1 0 false
s 590 310 690 410 0 1 0 false
w 590 310 730 310 0 0
w 690 410 690 550 0 0
s 730 410 830 410 0 1 0 false
s 730 310 730 410 0 1 0 false
s 730 310 830 410 0 0 1 false
w 730 310 870 310 0 0
w 830 410 830 550 0 0
s 870 410 970 410 0 1 0 false
s 870 310 870 410 0 1 0 false
s 870 310 970 410 0 0 1 false
w 870 310 1010 310 0 0
w 970 410 970 550 0 0
s 1010 410 1110 410 0 1 0 false
s 1010 310 1010 410 0 1 0 false
s 1010 310 1110 410 0 1 0 false
w 1110 410 1110 550 0 0
s 30 550 130 550 0 1 0 false
s 30 450 30 550 0 1 0 false
s 30 450 130 550 0 1 0 false
w 30 450 170 450 0 0
w 130 550 130 690 0 0
s 170 550 270 550 0 1 0 false
s 170 450 170 550 0 1 0 false
s 170 450 270 550 0 1 0 false
w 170 450 310 450 0 0
w 270 550 270 690 0 0
s 310 550 410 550 0 1 0 false
s 310 450 310 550 0 0 1 false
s 310 450 410 550 0 1 0 false
w 310 450 450 450 0 0
w 410 550 410 690 0 0
s 450 550 550 550 0 1 0 false
s 450 450 450 550 0 1 0 false
s 450 450 550 550 0 1 0 false
w 450 450 590 450 0 0
w 550 550 550 690 0 0
s 590 550 690 550 0 1 0 false
s 590 450 590 550 0 1 0 false
s 590 450 690 550 0 1 0 false
w 590 450 730 450 0 0
w 690 550 690 690 0 0
s 730 550 830 550 0 1 0 false
s 730 450 730 550 0 1 0 false
s 730 450 830 550 0 1 0 false
w 730 450 870 450 0 0
w 830 550 830 690 0 0
s 870 550 970 550 0 1 0 false
s 870 450 870 550 0 1 0 false
s 870 450 970 550 0 1 0 false
w 870 450 1010 450 0 0
w 970 550 970 690 0 0
s 1010 550 1110 550 0 1 0 false
s 1010 450 1010 550 0 1 0 false
s 1010 450 1110 550 0 1 0 false
w 1010 450 1150 450 0 0
w 1110 550 1110 690 0 0
g 1150 450 1200 450 0
s 30 690 130 690 0 1 0 false
s 30 590 30 690 0 1 0 false
s 30 590 130 690 0 1 0 false
w 30 590 170 590 0 0
w 130 690 130 830 0 0
s 170 690 270 690 0 1 0 false
s 170 590 170 690 0 1 0 false
s 170 590 270 690 0 0 1 false
w 170 590 310 590 0 0
w 270 690 270 830 0 0
s 310 690 410 690 0 1 0 false
s 310 590 310 690 0 1 0 false
s 310 590 410 690 0 1 0 false
w 310 590 450 590 0 0
w 410 690 410 830 0 0
s 450 690 550 690 0 1 0 false
s 450 590 450 690 0 1 0 false
s 450 590 550 690 0 1 0 false
w 450 590 590 590 0 0
w 550 690 550 830 0 0
s 590 690 690 690 0 1 0 false
s 590 590 590 690 0 1 0 false
s 590 590 690 690 0 1 0 false
w 590 590 730 590 0 0
w 690 690 690 830 0 0
s 730 690 830 690 0 1 0 false
s 730 590 730 690 0 1 0 false
s 730 590 830 690 0 0 1 false
w 730 590 870 590 0 0
w 830 690 830 830 0 0
s 870 690 970 690 0 1 0 false
s 870 590 870 690 0 1 0 false
s 870 590 970 690 0 1 0 false
w 870 590 1010 590 0 0
w 970 690 970 830 0 0
s 1010 690 1110 690 0 0 1 false
s 1010 590 1010 690 0 1 0 false
s 1010 590 1110 690 0 1 0 false
w 1110 690 1110 830 0 0
s 30 830 130 830 0 1 0 false
s 30 730 30 830 0 1 0 false
s 30 730 130 830 0 1 0 false
w 30 730 170 730 0 0
w 130 830 130 970 0 0
s 170 830 270 830 0 1 0 false
s 170 730 170 830 0 1 0 false
s 170 730 270 830 0 1 0 false
w 170 730 310 730 0 0
w 270 830 270 970 0 0
s 310 830 410 830 0 1 0 false
s 310 730 310 830 0 1 0 false
s 310 730 410 830 0 1 0 false
w 310 730 450 730 0 0
w 410 830 410 970 0 0
s 450 830 550 830 0 1 0 false
s 450 730 450 830 0 1 0 false
s 450 730 550 830 0 1 0 false
w 450 730 590 730 0 0
w 550 830 550 970 0 0
s 590 830 690 830 0 1 0 false
s 590 730 590 830 0 1 0 false
s 590 730 690 830 0 0 1 false
w 590 730 730 730 0 0
w 690 830 690 970 0 0
s 730 830 830 830 0 1 0 false
s 730 730 730 830 0 1 0 false
s 730 730 830 830 0 1 0 false
w 730 730 870 730 0 0
w 830 830 830 970 0 0
s 870 830 970 830 0 1 0 false
s 870 730 870 830 0 0 1 false
s 870 730 970 830 0 1 0 false
w 870 730 1010 730 0 0
w 970 830 970 970 0 0
s 1010 830 1110 830 0 1 0 false
s 1010 730 1010 830 0 1 0 false
s 1010 730 1110 830 0 1 0 false
w 1110 830 1110 970 0 0
s 30 970 130 970 0 1 0 false
s 30 870 30 970 0 1 0 false
s 30 870 130 970 0 0 1 false
w 30 870 170 870 0 0
w 130 970 130 1110 0 0
s 170 970 270 970 0 1 0 false
s 170 870 170 970 0 1 0 false
s 170 870 270 970 0 1 0 false
w 170 870 310 870 0 0
w 270 970 270 1110 0 0
s 310 970 410 970 0 1 0 false
s 310 870 310 970 0 1 0 false
s 310 870 410 970 0 1 0 false
w 310 870 450 870 0 0
w 410 970 410 1110 0 0
s 450 970 550 970 0 1 0 false
s 450 870 450 970 0 1 0 false
s 450 870 550 970 0 1 0 false
w 450 870 590 870 0 0
w 550 970 550 1110 0 0
s 590 970 690 970 0 1 0 false
s 590 870 590 970 0 1 0 false
s 590 870 690 970 0 1 0 false
w 590 870 730 870 0 0
w 690 970 690 1110 0 0
s 730 970 830 970 0 1 0 false
s 730 870 730 970 0 1 0 false
s 730 870 830 970 0 1 0 false
w 730 870 870 870 0 0
w 830 970 830 1110 0 0
s 870 970 970 970 0 1 0 false
s 870 870 870 970 0 1 0 false
s 870 870 970 970 0 0 1 false
w 870 870 1010 870 0 0
w 970 970 970 1110 0 0
s 1010 970 1110 970 0 1 0 false
s 1010 870 1010 970 0 1 0 false
s 1010 870 1110 970 0 1 0 false
w 1110 970 1110 1110 0 0
s 30 1110 130 1110 0 1 0 false
s 30 1010 30 1110 0 1 0 false
s 30 1010 130 1110 0 1 0 false
w 30 1010 170 1010 0 0
w 130 1110 130 1150 0 0
R 130 1150 130 1200  0 40.0 5.0 0.0
s 170 1110 270 1110 0 1 0 false
s 170 1010 170 1110 0 1 0 false
s 170 1010 270 1110 0 1 0 false
w 170 1010 310 1010 0 0
s 310 1110 410 1110 0 0 1 false
s 310 1010 310 1110 0 1 0 false
s 310 1010 410 1110 0 1 0 false
w 310 1010 450 1010 0 0
w 410 1110 410 1150 0 0
R 410 1150 410 1200  0 40.0 5.0 0.0
s 450 1110 550 1110 0 1 0 false
s 450 1010 450 1110 0 1 0 false
s 450 1010 550 1110 0 1 0 false
w 450 1010 590 1010 0 0
s 590 1110 690 1110 0 1 0 false
s 590 1010 590 1110 0 1 0 false
s 590 1010 690 1110 0 0 1 false
w 590 1010 730 1010 0 0
s 730 1110 830 1110 0 1 0 false
s 730 1010 730 1110 0 1 0 false
s 730 1010 830 1110 0 1 0 false
w 730 1010 870 1010 0 0
s 870 1110 970 1110 0 1 0 false
s 870 1010 870 1110 0 1 0 false
s 870 1010 970 1110 0 1 0 false
w 870 1010 1010 1010 0 0
s 1010 1110 1110 1110 0 1 0 false
s 1010 1010 1010 1110 0 1 0 false
s 1010 1010 1110 1110 0 1 0 false
w 1010 1010 1150 1010 0 0
w 1110 1110 1110 1150 0 0
g 1110 1150 1110 1200 0
g 1150 1010 1200 1010 0
r 170 130 870 830 200 100
r 170 270 1010 690 200 100
r 310 1110 310 550 200 100
